0.002616151194861677
0.0022624168222128453
0.0009286351943301233
0.0010481920276855113
-0.0005959335361202175
-0.00019655014998419225
0.0005908744805487146
0.0004247179386654916
-3.5087275814387054e-06
-1.6360259262174205e-05
-0.00017938682154592782
0.0019421034016455464
8.985151400282924e-05
-2.2545888914710054e-05
-3.822025307772552e-06
-3.4660059869516676e-07
-6.490997167168473e-05
-7.20190199716525e-05
-4.060108779508494e-06
-2.5289840073159034e-06
-2.9647185815057474e-06
1.2992949873580698e-06
1.7282617305617784e-06
-3.7134408802795245e-05
-4.448447227185192e-07
2.0748485754625636e-07
-3.87434567621095e-07
